question_id,question,answer_a,answer_b,human_winner,confidence,notes
21,What are the conditions under which the data subject can request the deletion of their personal data?,"Các điều kiện mà chủ thể dữ liệu có thể yêu cầu xóa dữ liệu cá nhân của họ bao gồm:

a) Xử lý dữ liệu không đúng mục đích hoặc đã hoàn thành mục đích xử lý dữ liệu cá nhân được chủ thể dữ liệu đồng ý;

b) Việc lưu trữ dữ liệu cá nhân không còn cần thiết với hoạt động của Bên Kiểm soát dữ liệu cá nhân, Bên Kiểm soát và xử lý dữ liệu cá nhân, Bên Xử lý dữ liệu cá nhân, Bên thứ ba;

c) Bên Kiểm soát dữ liệu cá nhân, Bên Kiểm soát và xử lý dữ liệu cá nhân, Bên Xử lý dữ liệu cá nhân, Bên thứ ba bị giải thể hoặc không còn hoạt động.","Dữ liệu cá nhân có thể được yêu cầu xóa trong các trường hợp sau:

a) Xử lý dữ liệu không đúng mục đích hoặc đã hoàn thành mục đích xử lý dữ liệu cá nhân được chủ thể dữ liệu đồng ý;

b) Việc lưu trữ dữ liệu cá nhân không còn cần thiết với hoạt động của Bên Kiểm soát dữ liệu cá nhân, Bên Kiểm soát và xử lý dữ liệu cá nhân, Bên Xử lý dữ liệu cá nhân, Bên thứ ba;

c) Bên Kiểm soát dữ liệu cá nhân, Bên Kiểm soát và xử lý dữ liệu cá nhân, Bên Xử lý dữ liệu cá nhân, Bên thứ ba bị giải thể hoặc không còn hoạt động.",tie,high,Both answers contain identical information
4,Giới tính là gì trong dữ liệu cá nhân?,Không tìm thấy.,Không tìm thấy.,tie,high,Both failed to retrieve relevant context
1,Bên Xử lý dữ liệu cá nhân là gì và có vai trò như thế nào trong việc bảo vệ dữ liệu cá nhân?,"Bên Xử lý dữ liệu cá nhân là tổ chức, cá nhân thực hiện việc xử lý dữ liệu thay mặt cho Bên Kiểm soát dữ liệu, thông qua một hợp đồng hoặc thỏa thuận với Bên Kiểm soát dữ liệu. Vai trò của Bên Xử lý dữ liệu cá nhân trong việc bảo vệ dữ liệu cá nhân bao gồm việc lập và lưu giữ Hồ sơ đánh giá tác động xử lý dữ liệu cá nhân, nhằm đảm bảo việc xử lý dữ liệu được thực hiện đúng quy định và bảo vệ quyền lợi của chủ thể dữ liệu.","Bên Xử lý dữ liệu cá nhân là tổ chức, cá nhân thực hiện việc xử lý dữ liệu thay mặt cho Bên Kiểm soát dữ liệu, thông qua một hợp đồng hoặc thỏa thuận với Bên Kiểm soát dữ liệu. Vai trò của Bên Xử lý dữ liệu cá nhân trong việc bảo vệ dữ liệu cá nhân bao gồm việc lập và lưu giữ Hồ sơ đánh giá tác động xử lý dữ liệu cá nhân, cũng như có trách nhiệm chứng minh các trường hợp liên quan đến việc bảo vệ tính mạng, sức khỏe của chủ thể dữ liệu hoặc người khác.",B,medium,B adds responsibility to prove emergency health/life cases
24,Bên Xử lý dữ liệu cá nhân có trách nhiệm gì trong việc bảo vệ dữ liệu cá nhân?,"Bên Xử lý dữ liệu cá nhân có trách nhiệm bảo đảm các biện pháp bảo vệ phù hợp và chịu trách nhiệm trước chủ thể dữ liệu về việc bảo vệ tính mạng, sức khỏe của chủ thể dữ liệu hoặc người khác.",Bên Xử lý dữ liệu cá nhân có trách nhiệm bảo đảm các quyền của chủ thể dữ liệu theo quy định tại Điều 9 Nghị định này và chịu trách nhiệm trước chủ thể dữ liệu về các thiệt hại do quá trình xử lý dữ liệu cá nhân gây ra.,B,medium,B references Dieu 9 rights and liability for damages - more precise legally
9,What are the responsibilities of Bên Kiểm soát dữ liệu cá nhân in relation to the rights of data subjects?,"Bên Kiểm soát dữ liệu cá nhân có trách nhiệm thực hiện yêu cầu cung cấp dữ liệu cá nhân của chủ thể dữ liệu trong 72 giờ sau khi nhận được yêu cầu, trừ trường hợp luật có quy định khác.","Bên Kiểm soát dữ liệu cá nhân có trách nhiệm thực hiện yêu cầu cung cấp dữ liệu cá nhân của chủ thể dữ liệu trong 72 giờ sau khi nhận được yêu cầu, trừ trường hợp luật có quy định khác. Họ cũng phải thông báo rõ ràng việc không thể cung cấp dữ liệu cá nhân nếu có lý do. Ngoài ra, Bên Kiểm soát dữ liệu cá nhân phải cung cấp thông tin về tổ chức và nhân viên bảo vệ dữ liệu cá nhân cho chủ thể dữ liệu.",B,high,B is more complete - adds notification obligation and DPO disclosure
8,Điều 8 nói về cái gì trong bảo vệ dữ liệu cá nhân?,"Điều 8 nói về các hành vi bị nghiêm cấm trong bảo vệ dữ liệu cá nhân, bao gồm việc xử lý dữ liệu cá nhân trái với quy định của pháp luật và xử lý dữ liệu cá nhân để tạo ra thông tin nhằm chống lại nhà nước có thẩm quyền.","Điều 8 nói về các hành vi bị nghiêm cấm trong bảo vệ dữ liệu cá nhân, bao gồm việc xử lý dữ liệu cá nhân trái với quy định của pháp luật và xử lý dữ liệu cá nhân để tạo ra thông tin nhằm chống lại nhà nước có thẩm quyền.",tie,high,Identical answers
25,Bộ Công an có vai trò gì trong việc thông báo vi phạm quy định về bảo vệ dữ liệu cá nhân?,"Bộ Công an (Cục An ninh mạng và phòng, chống tội phạm sử dụng công nghệ cao) có vai trò nhận thông báo về vi phạm quy định bảo vệ dữ liệu cá nhân từ Bên Kiểm soát dữ liệu cá nhân và Bên Kiểm soát và xử lý dữ liệu cá nhân, đồng thời phối hợp xử lý hành vi vi phạm liên quan tới hoạt động bảo vệ dữ liệu cá nhân.",Bộ Công an có vai trò nhận thông báo từ Bên Kiểm soát dữ liệu cá nhân và Bên Kiểm soát và xử lý dữ liệu cá nhân khi phát hiện vi phạm quy định bảo vệ dữ liệu cá nhân. Họ cũng phối hợp với các bên này trong việc xử lý hành vi vi phạm và quyết định việc kiểm tra chuyển dữ liệu cá nhân ra nước ngoài.,B,medium,B adds cross-border data transfer inspection authority
5,Cộng hòa xã hội chủ nghĩa Việt Nam có quy định gì về bảo vệ dữ liệu cá nhân?,"Cộng hòa xã hội chủ nghĩa Việt Nam có quy định về bảo vệ dữ liệu cá nhân thông qua việc xây dựng cơ chế hợp tác quốc tế để thực thi pháp luật về bảo vệ dữ liệu cá nhân, cũng như quy định xử lý dữ liệu cá nhân nhằm bảo vệ an ninh quốc gia, trật tự an toàn xã hội, và quyền lợi hợp pháp của tổ chức, cá nhân.","Cộng hòa xã hội chủ nghĩa Việt Nam có quy định về bảo vệ dữ liệu cá nhân thông qua việc xây dựng cơ chế hợp tác quốc tế để thực thi pháp luật về bảo vệ dữ liệu cá nhân, xử lý dữ liệu cá nhân nhằm bảo vệ an ninh quốc gia, trật tự an toàn xã hội, và quyền lợi hợp pháp của tổ chức, cá nhân. Ngoài ra, có các quy định liên quan đến việc chuyển dữ liệu ra nước ngoài và xử lý dữ liệu cá nhân của công dân Việt Nam.",B,medium,B adds cross-border transfer and Vietnamese citizen data provisions
29,Việt Nam có quy định gì về việc chuyển dữ liệu cá nhân ra nước ngoài và đánh giá tác động xử lý dữ liệu cá nhân?,"Việt Nam có quy định về việc chuyển dữ liệu cá nhân ra nước ngoài tại Điều 25, trong đó yêu cầu Bên chuyển dữ liệu lập hồ sơ và cung cấp thông tin chi tiết về Bên chuyển và Bên tiếp nhận dữ liệu. Ngoài ra, Điều 24 quy định về việc đánh giá tác động xử lý dữ liệu cá nhân, yêu cầu Bên Kiểm soát dữ liệu lập và lưu giữ hồ sơ đánh giá.","Việt Nam có quy định về việc chuyển dữ liệu cá nhân ra nước ngoài tại Điều 25 của Nghị định, yêu cầu bên chuyển dữ liệu lập hồ sơ và cung cấp thông tin chi tiết về bên chuyển và bên tiếp nhận dữ liệu. Hồ sơ đánh giá tác động chuyển dữ liệu cá nhân ra nước ngoài phải có sẵn để phục vụ hoạt động kiểm tra của Bộ Công an.

Ngoài ra, Điều 24 quy định về việc đánh giá tác động xử lý dữ liệu cá nhân, yêu cầu bên kiểm soát dữ liệu lập và lưu giữ hồ sơ đánh giá. Bộ Công an có quyền yêu cầu ngừng chuyển dữ liệu cá nhân ra nước ngoài nếu phát hiện dữ liệu bị sử dụng vào hoạt động vi phạm.",B,medium,B adds MPS audit access and halt authority - more complete
18,Tại sao việc cung cấp dữ liệu cá nhân phải được thực hiện bằng tiếng Việt?,Không tìm thấy.,Không tìm thấy.,tie,high,Both failed to retrieve relevant context
